# Multiplication Table

## Description

The program `multTable.py` program generates multiplication Table from $0\times0$ to $12\times12$ printed nicely in a table format.

The program `multTable2.py` generates the multiplication number up to $n$ for any number input by the user.

## How it Works

Consider three numbers, $a, b$, and $n$, where $n$ is an integer, such that: $a \times b = n$. <br> 

Here $b$ is the $nth$ multiple of $a$. For example, 4 is the 2nd multiple of 2, and 1000 is the 200th multiple of 5. A multiplication table for a number lists all of that number's multiples. 

## Program Output

When you run the program `multTable.py`, the output will look like this;

```
12x12 Multiplication Table.

  |  0   1   2   3   4   5   6   7   8   9  10  11  12
--+---------------------------------------------------
 0|  0   0   0   0   0   0   0   0   0   0   0   0   0 
 1|  0   1   2   3   4   5   6   7   8   9  10  11  12 
 2|  0   2   4   6   8  10  12  14  16  18  20  22  24 
 3|  0   3   6   9  12  15  18  21  24  27  30  33  36 
 4|  0   4   8  12  16  20  24  28  32  36  40  44  48 
 5|  0   5  10  15  20  25  30  35  40  45  50  55  60 
 6|  0   6  12  18  24  30  36  42  48  54  60  66  72 
 7|  0   7  14  21  28  35  42  49  56  63  70  77  84 
 8|  0   8  16  24  32  40  48  56  64  72  80  88  96 
 9|  0   9  18  27  36  45  54  63  72  81  90  99 108 
10|  0  10  20  30  40  50  60  70  80  90 100 110 120 
11|  0  11  22  33  44  55  66  77  88  99 110 121 132 
12|  0  12  24  36  48  60  72  84  96 108 120 132 144 
```

When you run the program `multTable2.py`, the output will look like this;
```
Multiplication Table Generator

Enter a number:
> 42
Enter the number of multiples:
> 12
42.0 x 1 = 42.0
42.0 x 2 = 84.0
42.0 x 3 = 126.0
42.0 x 4 = 168.0
42.0 x 5 = 210.0
42.0 x 6 = 252.0
42.0 x 7 = 294.0
42.0 x 8 = 336.0
42.0 x 9 = 378.0
42.0 x 10 = 420.0
42.0 x 11 = 462.0
42.0 x 12 = 504.0
```

